CategoryNum        mean             variance           SD           Smoothness       Skewness        Kurtosis       Uniformity       Entropy         Contrast      EntropyGLCM       Energy        Homogeneity 
 
        1      139.735884     2490.707208       49.906986        0.999599       -0.384490       -0.896902        0.006077        7.522542        1.509797        1.145482        0.505268        0.973039 

       1       90.305527     2684.459047       51.811766        0.999628        1.459538        1.703480        0.008801        7.208027        0.553426        0.672664        0.745210        0.990117 

       1      136.423914     2700.276550       51.964185        0.999630       -0.601071       -0.681574        0.006326        7.524655        1.907861        1.171237        0.505944        0.965931 

       1      155.934174     3108.558652       55.754450        0.999678       -0.606947       -0.678428        0.005886        7.620889        1.700902        1.084621        0.552534        0.969627 

       1      115.660733     3220.549730       56.749887        0.999690        0.106757       -1.279863        0.005833        7.599502        1.060259        1.144604        0.482851        0.981067 

       1      133.580138     4578.003712       67.660947        0.999782        0.117771       -1.513133        0.006070        7.607623        0.947287        1.136029        0.482160        0.983084 

       1      123.157045     2920.765158       54.044104        0.999658       -0.313229       -1.101343        0.006064        7.547660        1.735493        1.215428        0.469474        0.969009 

       1      125.336821     2861.849675       53.496259        0.999651       -0.299712       -1.114646        0.005853        7.561141        1.650307        1.205291        0.472290        0.970530 

       1       42.074198     2375.455811       48.738648        0.999579        2.692381        6.859154        0.015378        6.447179        0.268290        0.432278        0.853916        0.995209 

       1      136.190969     2351.061152       48.487742        0.999575       -0.591978       -0.594188        0.006591        7.448241        1.110661        1.100969        0.514746        0.980167 

       1      154.274743     2787.976095       52.801289        0.999641       -0.672412       -0.399783        0.006076        7.578514        1.768402        1.081821        0.556964        0.968421 

       1      123.644149     2490.345886       49.903365        0.999599       -0.355001       -0.930688        0.006192        7.504830        2.208911        1.258306        0.461453        0.960555 

       1      108.513071     4008.580844       63.313354        0.999751        0.395044       -1.067425        0.005413        7.754901        2.225283        1.214498        0.490677        0.960263 

       2      189.700742     2517.818684       50.177870        0.999603       -1.128834        0.602518        0.008480        7.276087        1.445186        0.759765        0.730609        0.974193 

       2      139.599299     3230.808753       56.840204        0.999691       -0.575165       -0.839132        0.006199        7.584721        1.899161        1.180407        0.499657        0.966086 

       2      166.305773     1772.235819       42.097931        0.999436       -1.052570        0.718145        0.008236        7.209876        1.104816        0.785430        0.705846        0.980271 

       2      175.420769     1719.491897       41.466757        0.999419       -0.926820        0.266570        0.008806        7.154612        1.409491        0.779584        0.719111        0.974831 

       2      140.151711     2204.878658       46.956135        0.999547       -0.623187       -0.437354        0.006840        7.421082        1.840256        1.158738        0.511202        0.967138 

       2      148.755115     2604.212670       51.031487        0.999616       -0.554468       -0.489758        0.006304        7.549364        1.516761        1.096218        0.537431        0.972915 

       2      167.929908     2356.702439       48.545880        0.999576       -0.996775       -0.014154        0.008686        7.238443        1.565395        0.939800        0.634892        0.972047 

       2      150.861029     2858.884297       53.468536        0.999650       -0.341375       -1.050302        0.006374        7.498638        1.835855        1.178719        0.498087        0.967217 

       2      160.929272     3630.095707       60.250276        0.999725       -0.429165       -1.154033        0.006791        7.499869        2.251761        1.192069        0.506048        0.959790 

       2      165.053231     2838.495200       53.277530        0.999648       -0.927051        0.372024        0.006516        7.535313        1.843891        1.006833        0.605269        0.967073 

       2      128.704030     2295.108398       47.907290        0.999564       -0.415863       -0.913860        0.006530        7.436719        1.501709        1.184786        0.478894        0.973184 

       2      157.655002     2594.890123       50.940064        0.999615       -0.550716       -0.908472        0.006867        7.405321        0.867067        0.992013        0.572396        0.984517 

       3      146.447553     3893.434105       62.397389        0.999743       -0.567465       -1.022707        0.005870        7.615700        0.752749        1.040963        0.534218        0.986558 

       3      132.295615     4765.301360       69.031162        0.999790       -0.148840       -1.441368        0.004940        7.769644        1.500021        1.192627        0.473565        0.973214 

       3       79.873794     2493.685386       49.936814        0.999599        0.382712       -1.063803        0.006439        7.420590        1.296765        0.944531        0.621845        0.976843 

       4      159.151851     3011.433236       54.876527        0.999668       -0.607951       -0.367167        0.006281        7.552079        1.572611        1.006322        0.595647        0.971918 

       4      148.194469     2350.809939       48.485152        0.999575       -0.559560       -0.096852        0.007426        7.400163        1.342208        1.001763        0.589038        0.976032 

       4      163.687750     2222.638044       47.144862        0.999550       -0.687040        0.361968        0.007100        7.435918        1.745850        0.924947        0.649542        0.968824 

       4      155.128184     2822.807349       53.130098        0.999646       -0.426528       -0.521344        0.006168        7.563359        1.000947        1.009290        0.568405        0.982126 

       4      164.467877     2400.999861       48.999999        0.999584       -0.880914        0.728364        0.007852        7.354456        1.403341        0.825034        0.694333        0.974940 

       4      173.893665     2410.060407       49.092366        0.999585       -0.749509       -0.150476        0.008069        7.264992        1.029844        0.853986        0.664138        0.981610 

       4      184.430590     2031.220513       45.069064        0.999508       -0.903622        0.452995        0.008793        7.146335        0.794258        0.669448        0.756841        0.985817 

       4      156.701519     3252.844906       57.033717        0.999693       -0.762503       -0.164520        0.006814        7.533644        0.930927        0.936811        0.610187        0.983376 

       4      150.529501     3532.336018       59.433459        0.999717       -0.731273       -0.265657        0.005923        7.655818        1.310498        1.014473        0.579806        0.976598 

       4      153.487998     2698.129297       51.943520        0.999630       -0.556731       -0.376971        0.007090        7.491242        1.213298        1.017422        0.573575        0.978334 

       4      153.251007     2540.759829       50.405950        0.999607       -0.506228       -0.388156        0.006163        7.550246        1.717442        1.074166        0.559714        0.969331 

       4      188.381561     4492.448649       67.025731        0.999777       -1.147893        0.085622        0.009516        7.287120        1.021315        0.882919        0.646837        0.981762 

       4      155.319629     2786.225838       52.784712        0.999641       -0.640759       -0.295092        0.006741        7.515503        1.580105        1.018463        0.588568        0.971784 

       4      180.892433     2630.439981       51.287815        0.999620       -1.144516        0.751082        0.007678        7.373054        1.072932        0.756312        0.720612        0.980841 

       5      120.151853     3201.148472       56.578693        0.999688       -0.095060       -1.054817        0.005546        7.675234        2.000097        1.242622        0.463113        0.964284 

       5      120.976944     3161.275127       56.225218        0.999684       -0.104989       -1.137629        0.005129        7.702932        2.825319        1.317899        0.445786        0.949548 

       5      122.622253     3143.200749       56.064256        0.999682       -0.206130       -1.189196        0.005443        7.641385        1.941731        1.237304        0.464122        0.965326 

       5      131.872412     3329.314408       57.700212        0.999700       -0.235443       -1.057013        0.005525        7.679310        2.431879        1.271476        0.461597        0.956574 

       5      119.940986     2546.325748       50.461131        0.999607       -0.330101       -0.961110        0.006174        7.521949        2.797298        1.314470        0.447024        0.950048 

       5      123.393947     3113.099142       55.795153        0.999679       -0.081306       -0.996967        0.004999        7.742960        3.080977        1.338417        0.441300        0.944983 

       5      134.859387     3256.318051       57.064157        0.999693       -0.324195       -1.166952        0.005556        7.635328        3.119763        1.319727        0.454658        0.944290 

       5      113.865643     3282.221534       57.290676        0.999695        0.081026       -1.045193        0.005215        7.690798        1.851148        1.226608        0.467249        0.966944 

       5      117.010308     3473.576086       58.937052        0.999712       -0.068383       -1.271743        0.005235        7.699071        2.032263        1.247569        0.461205        0.963710 

       5      109.243322     3376.864775       58.110797        0.999704        0.022223       -1.130173        0.004932        7.741666        2.578354        1.274446        0.465152        0.953958 

       5      154.688936     3425.205389       58.525254        0.999708       -0.386383       -1.037646        0.005217        7.694350        1.961039        1.158183        0.516467        0.964981 

       5      121.033473     3589.345479       59.911147        0.999721       -0.106954       -1.156750        0.004872        7.772558        2.626279        1.301266        0.449420        0.953102 

       5      109.498102     2652.585196       51.503254        0.999623        0.142794       -0.827255        0.005980        7.584877        2.438714        1.242756        0.480514        0.956452 

       6      147.096452     1912.899209       43.736703        0.999478       -0.574110        0.205482        0.006698        7.427474        4.045847        1.280578        0.504522        0.927753 

       6      165.807536     2407.926055       49.070623        0.999585       -0.710553       -0.202197        0.006339        7.478362        2.746255        1.038498        0.613445        0.950960 

       6      150.446009     1611.696463       40.145940        0.999380       -0.669451        0.449532        0.007475        7.289295        3.549116        1.164388        0.560918        0.936623 

       6      142.623873     2134.297103       46.198453        0.999532       -0.488363       -0.382741        0.006271        7.482891        1.522319        1.127696        0.517432        0.972816 

       6      176.987467     1588.587133       39.857084        0.999371       -0.728892       -0.031975        0.007753        7.220127        1.629775        0.771005        0.729783        0.970897 

       6      164.160422     1396.473996       37.369426        0.999284       -0.208416       -0.527547        0.007545        7.201230        1.330936        0.812013        0.699097        0.976233 

       6      164.105519     2278.325145       47.731804        0.999561       -1.167256        1.480661        0.007085        7.394897        2.878623        0.968937        0.654502        0.948596 

       6      149.775500     1387.094965       37.243724        0.999280       -0.381461       -0.362412        0.007592        7.212899        2.338816        1.100367        0.565853        0.958235 

       6      159.940359     1385.609521       37.223776        0.999279       -0.486424        0.154319        0.008048        7.176540        3.052398        0.980450        0.651843        0.945493 

       6      155.436912     1408.286924       37.527149        0.999290       -0.480095        0.148477        0.007690        7.198500        1.447352        0.935897        0.632856        0.974154 

       6      167.745804     3139.429288       56.030610        0.999682       -1.101049        0.733449        0.006405        7.520959        1.065606        0.865893        0.658712        0.980971 

       6      167.776274     1735.854946       41.663593        0.999424       -0.984284        0.888865        0.008096        7.248873        1.609315        0.796168        0.716084        0.971262 

       6      163.457173     2584.118844       50.834229        0.999613       -0.900493        0.338002        0.006425        7.501273        2.884930        1.029618        0.621713        0.948483 

       6      143.846008     2019.088372       44.934267        0.999505       -0.650415        0.241420        0.006640        7.440814        2.792536        1.214492        0.510556        0.950133 

       6      146.179612     2677.600088       51.745532        0.999627       -0.576276       -0.169689        0.005656        7.627355        3.352622        1.275447        0.489705        0.940132 

       7      123.903144     4040.623243       63.565897        0.999753       -0.566081       -0.974253        0.006263        7.571790        0.652171        1.074132        0.505810        0.988354 

       7      129.516204     3122.392465       55.878372        0.999680       -0.751812       -0.544024        0.006570        7.479100        1.044943        1.100966        0.511223        0.981340 

       7      167.883695     3476.798694       58.964385        0.999712       -0.877594       -0.241170        0.006369        7.573857        0.624888        0.879271        0.629580        0.988841 

       7      162.041308     4448.709421       66.698646        0.999775       -0.991072       -0.168838        0.006366        7.599761        0.625582        0.900719        0.616422        0.988829 

       7      129.461990     2711.585394       52.072885        0.999631       -0.552717       -0.390174        0.005962        7.602831        1.339131        1.154601        0.490981        0.976087 

       7      144.603246     3152.241056       56.144822        0.999683       -0.827385       -0.223992        0.006526        7.562331        1.617858        1.090796        0.545229        0.971110 

       7      123.200918     3573.116845       59.775554        0.999720       -0.408990       -0.840737        0.005307        7.708670        0.770318        1.109888        0.489158        0.986244 

       7      140.421906     2906.772696       53.914494        0.999656       -0.962316        0.286352        0.006865        7.494649        0.836198        1.017693        0.554233        0.985068 

       7      136.634111     2168.016343       46.561962        0.999539       -0.928501       -0.014971        0.007890        7.290415        0.891817        1.032678        0.547617        0.984075 

       7      132.478614     2327.826672       48.247556        0.999571       -0.694653       -0.352784        0.006880        7.410278        0.973223        1.082817        0.519293        0.982621 

       7      153.971807     3983.378337       63.114011        0.999749       -0.823320       -0.492953        0.006117        7.624561        1.089824        1.003336        0.576576        0.980539 

       7      147.464126     3801.478113       61.656128        0.999737       -0.876819       -0.392681        0.006288        7.579146        0.708637        0.975195        0.574310        0.987346 

       8      146.351935     3309.766628       57.530571        0.999698       -0.483371       -0.528942        0.005134        7.725904        1.687341        1.140634        0.516384        0.969869 

       8       38.435149     1846.063034       42.965836        0.999459        3.135155       10.685071        0.014424        6.460543        0.224111        0.303841        0.908346        0.995998 

       8      157.070721     3683.630615       60.692921        0.999729       -0.806509       -0.513234        0.006343        7.583047        2.585913        1.144839        0.546794        0.953823 

       9      132.677231     3492.133820       59.094279        0.999714       -0.581087       -0.771416        0.005939        7.620689        2.193852        1.216597        0.488102        0.960824 

       9      147.470082     3986.544427       63.139088        0.999749       -0.292628       -0.626143        0.007614        7.607676        2.354470        1.205736        0.501135        0.957956 

       9      129.165082     2657.526726       51.551205        0.999624       -0.513226       -0.384060        0.006051        7.555019        3.135713        1.324089        0.452377        0.944005 

       9      139.002379     3977.675108       63.068812        0.999749       -0.606030       -0.852791        0.005599        7.667797        2.146919        1.206190        0.492991        0.961662 

       9      135.711716     3954.471153       62.884586        0.999747       -0.471865       -0.986394        0.005268        7.699010        1.916512        1.197761        0.489093        0.965777 

       9      140.375113     4219.692245       64.959158        0.999763       -0.538266       -0.948797        0.005458        7.711732        1.758669        1.154075        0.510773        0.968595 

       9      150.917871     3155.586753       56.174610        0.999683       -0.636608       -0.663324        0.006048        7.577543        2.182830        1.140125        0.536220        0.961021 

       9      137.067953     3296.501379       57.415167        0.999697       -0.590877       -0.768727        0.005669        7.620190        2.447949        1.227245        0.490813        0.956287 

       9      144.070579     5093.078955       71.365811        0.999804       -0.418781       -1.275996        0.005390        7.714819        1.174849        1.118084        0.506806        0.979021 

       9      123.271058     3378.093778       58.121371        0.999704       -0.442347       -1.062045        0.005595        7.604330        2.779475        1.307182        0.451140        0.950367 

       9      123.007028     3476.610427       58.962788        0.999712       -0.411701       -1.099253        0.005556        7.618471        1.765980        1.214627        0.471396        0.968465 

       9      147.243008     3589.047268       59.908658        0.999721       -0.603416       -0.695324        0.005947        7.613128        1.248447        1.101660        0.521354        0.977706 

       9      138.362833     3179.838825       56.390060        0.999686       -0.522958       -0.495006        0.005448        7.668352        2.771677        1.248734        0.488410        0.950506 

      10      126.058020     2379.965298       48.784888        0.999580       -0.181903       -0.606421        0.006222        7.516030        2.626959        1.296716        0.452427        0.953090 

      10      125.539217     2182.014998       46.712043        0.999542       -0.057740       -0.587160        0.006658        7.417296        2.375185        1.278774        0.454602        0.957586 

      10      126.004522     2290.269355       47.856759        0.999564       -0.108169       -0.573443        0.006543        7.462115        3.453573        1.365128        0.436153        0.938329 

      10      104.736720     1480.624430       38.478883        0.999325       -0.328806       -0.458610        0.007851        7.203950        3.924685        1.318469        0.478769        0.929916 

      11      131.105382     2755.520535       52.493052        0.999637       -0.629939       -0.655077        0.006517        7.478333        0.913628        1.082302        0.516283        0.983685 

      11      147.759763     4267.003564       65.322305        0.999766       -0.556975       -1.120218        0.005891        7.628443        1.191550        1.088056        0.527381        0.978722 

      11      165.079408     4671.532298       68.348609        0.999786       -0.757424       -0.853142        0.006345        7.588580        0.985536        0.992827        0.578040        0.982401 

      12      137.551705     3781.927549       61.497378        0.999736        0.048269       -0.885847        0.004609        7.848079        3.185853        1.339353        0.444187        0.943110 

      12      136.939348     3202.356182       56.589365        0.999688       -0.564347       -0.889672        0.006023        7.580059        1.474871        1.141656        0.506139        0.973663 

      12      143.280767     3229.363819       56.827492        0.999690       -0.684735       -0.750213        0.006426        7.536078        1.896592        1.157349        0.514410        0.966132 

      13      128.385862     2835.333449       53.247849        0.999647       -0.179150       -1.063342        0.005281        7.647483        3.181673        1.344843        0.440500        0.943184 

      13      128.118372     2459.494848       49.593294        0.999594       -0.265985       -0.905354        0.005730        7.567926        3.794366        1.389563        0.430807        0.932243 

      13      115.543069     2593.548794       50.926897        0.999615       -0.119250       -1.091060        0.005491        7.578182        1.394179        1.176280        0.479270        0.975104 

      13      116.955224     2465.069899       49.649470        0.999594       -0.213456       -0.983318        0.005654        7.560904        3.585054        1.375367        0.433637        0.935981 

      13      128.071655     2004.400923       44.770536        0.999501       -0.407509       -0.348617        0.006409        7.472568        3.826332        1.388945        0.432132        0.931673 

      13      143.333600     3779.524531       61.477838        0.999735       -0.273029       -1.223462        0.005173        7.723794        1.026722        1.123755        0.495013        0.981666 

      13      104.127624     1959.825907       44.269921        0.999490        0.328508       -0.678189        0.006519        7.426653        2.975081        1.195961        0.527491        0.946874 

      13      134.022170     3474.624146       58.945943        0.999712       -0.094788       -1.316544        0.005213        7.670413        0.879513        1.127102        0.484185        0.984294 

      13      125.496451     2397.907150       48.968430        0.999583       -0.212960       -1.072073        0.005894        7.510220        1.198879        1.163300        0.477845        0.978591 

      13      150.265934     3250.193513       57.010468        0.999692       -0.467405       -0.926098        0.005409        7.664998        2.105100        1.173829        0.512118        0.962409 

      13      126.552288     2490.364148       49.903548        0.999599       -0.207010       -0.932921        0.005564        7.584475        3.005137        1.331304        0.443339        0.946337 

      13      118.439595     2843.906137       53.328286        0.999648       -0.019350       -1.079893        0.005318        7.643654        1.066914        1.148049        0.480894        0.980948 

      14      176.964407     2514.760349       50.147386        0.999603       -0.854204        0.210746        0.006727        7.460958        2.806647        0.928314        0.674431        0.949881 

      14      150.349269     2951.093663       54.323970        0.999661       -0.404246       -0.739625        0.005349        7.675647        2.843371        1.221970        0.507521        0.949226 

      14      161.784290     3338.573627       57.780391        0.999701       -0.533238       -0.702897        0.005286        7.693267        3.171929        1.170421        0.548224        0.943358 

      14      165.069796     2856.517286       53.446396        0.999650       -0.797569       -0.162642        0.006187        7.567895        3.062500        1.082663        0.596191        0.945313 

      14      167.113221     3331.556362       57.719636        0.999700       -0.624081       -0.625630        0.005555        7.660579        2.487042        1.097077        0.572436        0.955589 

      14      179.384768     2259.018072       47.529129        0.999558       -0.954708        0.336912        0.007243        7.381571        2.500519        0.870051        0.698516        0.955348 

      14      161.850033     3939.941461       62.768953        0.999746       -0.748606       -0.346759        0.005363        7.717988        1.201148        0.988743        0.590868        0.978551 

      14      154.311804     3208.645110       56.644904        0.999688       -0.536151       -0.713764        0.005489        7.651214        2.634528        1.182991        0.524998        0.952955 

      14      155.952471     2580.114126       50.794824        0.999613       -0.649764       -0.218763        0.006059        7.575994        3.477579        1.208907        0.533301        0.937900 

      14      181.981383     3067.152160       55.381876        0.999674       -0.847820       -0.237947        0.006711        7.472629        2.208417        0.929892        0.660139        0.960564 

      14      161.791658     3019.854465       54.953203        0.999669       -0.605646       -0.397329        0.005680        7.618400        1.247281        0.990213        0.592019        0.977727 

      14      153.441189     2388.031196       48.867486        0.999581       -0.617722       -0.257881        0.006204        7.537719        3.068056        1.159961        0.551656        0.945213 

      14      191.012676     3664.244414       60.533003        0.999727       -0.702352       -0.937766        0.011398        7.113693        1.336509        0.942656        0.624568        0.976134 

      15      141.774908     3001.452222       54.785511        0.999667       -0.586968       -0.400568        0.005636        7.668454        3.421407        1.284284        0.486206        0.938903 

      15      158.116716     4436.604356       66.607840        0.999775       -0.647367       -0.700072        0.005139        7.759806        0.837307        0.976600        0.580579        0.985048 

      15      150.461648     2844.729793       53.336008        0.999649       -0.702015       -0.289815        0.005888        7.578682        3.691416        1.238966        0.520780        0.934082 

      15      141.920278     2943.689323       54.255777        0.999660       -0.583410       -0.502135        0.005646        7.620199        3.135969        1.271061        0.486010        0.944001 

      15      134.725177     2983.642628       54.622730        0.999665       -0.541809       -0.575524        0.005702        7.610007        2.851139        1.278951        0.471856        0.949087 

      15      134.620075     2856.669747       53.447823        0.999650       -0.177005       -0.202803        0.005821        7.624283        4.023427        1.387688        0.438479        0.928153 

      15      143.122274     3589.265384       59.910478        0.999721       -0.741334       -0.383626        0.005527        7.677825        3.697810        1.285644        0.492909        0.933968 

      15      166.884453     2835.101184       53.245668        0.999647       -0.992856        0.336226        0.006817        7.490992        2.059886        0.945300        0.647553        0.963216 

      15      159.828757     3469.633482       58.903595        0.999712       -0.756313       -0.079840        0.005735        7.651441        2.805179        1.096633        0.581733        0.949908 

      15      146.734859     2610.690315       51.094915        0.999617       -0.720126       -0.175740        0.006094        7.547758        3.268710        1.230654        0.514775        0.941630 

      15      155.570336     3276.717878       57.242623        0.999695       -0.808315       -0.244135        0.006051        7.617347        2.990550        1.146679        0.557420        0.946597 

      15      151.119600     2511.486007       50.114728        0.999602       -0.841866        0.048980        0.006440        7.478501        1.976920        1.069338        0.572413        0.964698 

      15      158.225284     4054.762024       63.677013        0.999753       -0.775780       -0.303244        0.005948        7.650703        2.380682        1.083882        0.577033        0.957488 

      15      140.498275     4725.405246       68.741583        0.999788       -0.347188       -0.977794        0.004987        7.797096        2.624734        1.244963        0.485786        0.953130 

      15      143.829108     3381.954882       58.154577        0.999704       -0.522936       -0.669401        0.005368        7.702306        2.013022        1.160787        0.516856        0.964053 

      15      144.830422     2796.442196       52.881397        0.999643       -0.759311       -0.003273        0.006363        7.563898        2.555356        1.164700        0.533704        0.954369 

      16      142.071356     2969.597547       54.494014        0.999663       -0.446070       -0.880859        0.005955        7.584862        3.255823        1.305558        0.468001        0.941860 

      16      185.193660     2036.973820       45.132846        0.999509       -1.057268        0.215649        0.009544        7.151708        1.438798        0.769380        0.725380        0.974307 

      16      140.253481     3006.960079       54.835755        0.999668       -0.264142       -1.279715        0.006204        7.498141        1.785466        1.200287        0.481769        0.968117 

      16      139.131435     2638.110902       51.362544        0.999621       -0.335716       -0.823073        0.005855        7.572150        3.048893        1.308641        0.459444        0.945555 

      16      148.477020     2354.447573       48.522650        0.999575       -0.206881       -0.855871        0.005914        7.529269        2.334493        1.188195        0.511532        0.958313 

      16      172.388766     1765.388049       42.016521        0.999434       -0.919626        0.621778        0.009273        7.177420        2.575314        0.891005        0.689227        0.954012 

      16      171.488215     1951.726951       44.178354        0.999488       -1.750311        3.214371        0.009696        7.031680        0.845166        0.647276        0.770186        0.984908 

      16      147.509716     3016.396764       54.921733        0.999669       -0.206465       -0.986531        0.005412        7.639041        1.757133        1.193338        0.485092        0.968623 

      16      153.657716     2648.038994       51.459100        0.999623       -0.659881       -0.215685        0.005947        7.576318        2.341346        1.109369        0.560503        0.958190 

      16      144.236216     2873.399985       53.604104        0.999652       -0.289522       -0.983750        0.005733        7.607296        2.857341        1.270363        0.477543        0.948976 

      16      158.416619     2891.983610       53.777166        0.999654       -0.290172       -0.558472        0.006329        7.572825        2.856212        1.234907        0.499869        0.948996 

      16      128.862818     2842.111566       53.311458        0.999648       -0.344150       -1.083913        0.005862        7.564359        1.290385        1.162666        0.483103        0.976957 

      16      147.754360     2750.335398       52.443640        0.999637       -0.566344       -0.652904        0.005940        7.576426        3.300176        1.254976        0.500817        0.941068 

      16      149.282386     2417.624860       49.169349        0.999587       -0.375022       -0.406570        0.006361        7.499628        2.309238        1.155137        0.531352        0.958764 

      17      168.054918     4096.236067       64.001844        0.999756       -0.760711       -0.411508        0.006269        7.588477        1.123797        0.942564        0.615662        0.979932 

      17      165.940286     4862.467100       69.731393        0.999794       -0.661023       -0.864183        0.006036        7.651827        1.371705        1.035216        0.569576        0.975505 

      18      128.555092     3825.205314       61.848244        0.999739       -0.620950       -0.610732        0.006184        7.616615        1.776316        1.193936        0.485549        0.968280 

      18      130.650467     2017.557436       44.917229        0.999505       -0.637193        0.054399        0.007181        7.395606        1.320795        1.143984        0.497115        0.976414 

      18      129.922991     2589.062124       50.882827        0.999614       -0.216759       -0.621421        0.005858        7.614406        2.128487        1.247870        0.465044        0.961991 

      18      125.241309     2359.861776       48.578409        0.999576       -0.316997       -0.589722        0.006187        7.544743        1.213628        1.160379        0.480606        0.978328 

      18      138.145710     3333.709337       57.738283        0.999700       -0.584491       -0.618473        0.006044        7.654965        2.629223        1.248591        0.483627        0.953050 

      18      139.516963     1842.800964       42.927858        0.999458       -0.796678        0.202374        0.007985        7.288388        2.599163        1.187081        0.521320        0.953586 

      18      146.764906     2043.361273       45.203554        0.999511       -0.504715       -0.595513        0.007646        7.351928        1.276318        1.071256        0.542390        0.977209 

      18      146.443965     2485.021461       49.849990        0.999598       -0.332908       -0.870472        0.005933        7.537077        1.327633        1.103829        0.523814        0.976292 

      18      125.098255     3031.288339       55.057137        0.999670       -0.302732       -0.867608        0.005704        7.660729        2.194053        1.259001        0.460389        0.960820 

      18      143.706272     3517.645097       59.309739        0.999716       -0.272064       -0.885387        0.005129        7.753159        2.645968        1.265597        0.473313        0.952751 

      18      130.611289     2146.076777       46.325768        0.999534       -0.330868       -0.747978        0.006409        7.463802        2.366090        1.268582        0.460950        0.957748 

      18      145.119450     1605.361678       40.066965        0.999377       -0.367301       -0.118640        0.007913        7.244104        1.633424        1.094426        0.543589        0.970832 

      19      153.341824     5594.240525       74.794656        0.999821       -0.267142       -1.514647        0.005776        7.643685        1.014693        1.118749        0.497696        0.981880 

      19       88.939038     1888.714040       43.459338        0.999471        0.467123       -0.575771        0.006864        7.323519        0.762249        0.874831        0.639522        0.986388 

      19      129.461296     3012.216863       54.883667        0.999668       -0.542909       -0.636072        0.005488        7.648598        2.036668        1.228492        0.473996        0.963631 

      19       80.050234     2737.025160       52.316586        0.999635        0.837227       -0.147674        0.006553        7.466010        1.015520        0.821287        0.682335        0.981866 

      19      188.259581     4304.777864       65.610806        0.999768       -0.750008       -0.788882        0.012733        7.190385        1.403198        1.008070        0.587747        0.974943 

      19      154.884626     3459.636602       58.818676        0.999711       -0.620643       -0.705518        0.005512        7.671806        1.949272        1.112957        0.544543        0.965192 

      19       46.410470     1667.527078       40.835366        0.999401        2.850923        8.598052        0.018148        6.401536        0.427996        0.385847        0.880398        0.992357 

      19       71.962512      803.582196       28.347525        0.998757       -0.057990       -0.341416        0.010520        6.811721        0.409119        0.196008        0.952229        0.992694 

      19       98.807294     1588.266666       39.853063        0.999371        0.003223       -0.706595        0.007152        7.202865        1.851909        1.093441        0.552981        0.966930 

      19       55.021397     1097.997976       33.136053        0.999090        1.582921        7.329937        0.010869        6.735393        0.751117        0.234455        0.942883        0.986587 

      19      157.131943     4955.464174       70.395058        0.999798       -0.441966       -1.286114        0.005647        7.640497        1.436598        1.114523        0.522028        0.974346 

      20      179.277964     2421.757069       49.211351        0.999587       -0.643579       -0.280561        0.006443        7.469694        2.461029        0.895621        0.684469        0.956053 

      20      142.046146     1585.628938       39.819957        0.999370       -0.270326        0.394161        0.007553        7.310241        4.142557        1.335604        0.473783        0.926026 

      20       83.860702     1538.356446       39.221887        0.999350        1.089176        1.893686        0.008298        7.170496        2.020151        0.708570        0.769063        0.963926 

      20      153.370598     1844.841229       42.951615        0.999458       -0.251019        0.440006        0.007295        7.336590        2.352009        1.071532        0.583475        0.958000 

      20      158.722521     3017.661359       54.933245        0.999669       -0.615706       -0.421479        0.005938        7.626545        2.336701        1.113516        0.557839        0.958273 

      20      175.083279     3984.884302       63.125940        0.999749       -0.912967       -0.298759        0.006467        7.534505        1.511884        0.944406        0.630260        0.973002 

      20      135.368944     2188.672630       46.783252        0.999543        0.046826       -0.066491        0.006497        7.519528        2.729959        1.289384        0.460939        0.951251 

      20      155.662398     1726.162027       41.547106        0.999421       -0.127188       -0.109798        0.007206        7.339400        1.045096        0.936724        0.615651        0.981338 

      20      151.687760     5832.628506       76.371647        0.999829       -0.023354       -1.555321        0.006701        7.599799        2.161048        1.255564        0.461305        0.961410 

      20       63.116469     1208.130144       34.758167        0.999173        2.057337        5.321696        0.012239        6.715357        0.739272        0.414727        0.876055        0.986799 

      20      153.583942     1699.558016       41.225696        0.999412       -0.445395        0.894706        0.007623        7.331170        3.624472        1.119565        0.587798        0.935277 

      20       51.355586     4693.899129       68.512036        0.999787        1.879161        2.062088        0.017400        6.573349        0.422173        0.654534        0.748800        0.992461 

      20      200.452572     2285.664684       47.808626        0.999563       -1.455776        2.256851        0.008706        7.169141        1.338902        0.582075        0.815132        0.976091 

      20       72.096464      509.442484       22.570833        0.998041        1.924695       12.829318        0.019181        6.155804        0.250087        0.139983        0.967764        0.995534 

      20      161.364619     2164.166132       46.520599        0.999538       -0.904720        1.120292        0.007068        7.422807        4.073201        1.080675        0.616648        0.927264 

      20      165.768743     2431.981040       49.315120        0.999589       -0.712867        0.656516        0.006551        7.491230        3.499128        1.000700        0.649178        0.937516 

      20      152.537051     2983.373869       54.620270        0.999665       -0.644491        0.172499        0.005971        7.606553        4.976389        1.276542        0.525293        0.911136 

      20      164.218249     2217.202469       47.087179        0.999549       -0.957116        1.194643        0.006992        7.435517        3.703226        1.009835        0.647672        0.933871 

      20      142.810861     3385.136951       58.181930        0.999705       -0.603082       -0.238146        0.005588        7.694776        5.507373        1.384767        0.473072        0.901654 

      21      152.706562     4393.482498       66.283350        0.999772       -0.918583       -0.472041        0.006515        7.539665        1.392639        1.023692        0.577658        0.975131 

      21      157.372526     3750.286937       61.239586        0.999733       -1.048059       -0.139497        0.007441        7.419515        0.731710        0.916993        0.612201        0.986934 

      21      164.011246     4371.556607       66.117748        0.999771       -1.071261       -0.133886        0.007196        7.497637        1.501057        0.982555        0.607199        0.973195 

      21      158.813122     4320.588945       65.731187        0.999769       -1.008701       -0.192348        0.006584        7.573335        1.743577        1.028054        0.588981        0.968865 

      21      150.291157     3862.660091       62.150302        0.999741       -1.005253       -0.163048        0.006822        7.516637        1.684848        1.043926        0.577097        0.969913 

      21      163.435733     4410.058020       66.408268        0.999773       -1.087760       -0.083186        0.007182        7.501026        1.921619        1.020079        0.600076        0.965685 

      21      157.507644     3477.085397       58.966816        0.999712       -1.200704        0.385689        0.007764        7.409136        1.856388        0.995996        0.612093        0.966850 

      21      145.395747     3817.606185       61.786780        0.999738       -1.050112       -0.200782        0.007890        7.384226        1.494822        1.042476        0.570334        0.973307 

      21      149.611529     4185.819530       64.697910        0.999761       -1.031513       -0.212282        0.006980        7.473881        1.569465        1.030992        0.580485        0.971974 

      21      159.964964     4260.702813       65.274059        0.999765       -1.093968       -0.096673        0.007590        7.449827        1.829475        1.025461        0.593661        0.967331 

      21      159.778704     4284.898603       65.459137        0.999767       -1.046483       -0.116839        0.006785        7.535577        1.591759        1.000195        0.600084        0.971576 

      21      152.288491     3977.623373       63.068402        0.999749       -0.986136       -0.258048        0.006973        7.512752        1.725746        1.050741        0.574497        0.969183 

      22      129.072640     3515.669261       59.293079        0.999716       -0.577214       -0.896278        0.005838        7.614181        1.619194        1.174428        0.491316        0.971086 

      22      144.992367     3735.760426       61.120867        0.999732       -0.568050       -1.029220        0.006027        7.581592        0.729882        1.033268        0.537909        0.986966 

      22      135.944323     4119.000923       64.179443        0.999757       -0.625863       -0.853126        0.005716        7.679717        1.518162        1.139580        0.509513        0.972890 

      22      135.388165     3995.334008       63.208655        0.999750       -0.545918       -0.972498        0.005773        7.662107        0.734675        1.064192        0.517719        0.986881 

      22      133.696604     3350.902599       57.886981        0.999702       -0.601501       -0.694887        0.005777        7.644575        1.526514        1.152127        0.501692        0.972741 

      22      143.844719     4264.005894       65.299356        0.999766       -0.669152       -0.744081        0.005741        7.703026        1.137449        1.066028        0.538954        0.979688 

      22      133.821426     3485.325391       59.036644        0.999713       -0.678360       -0.655593        0.005853        7.622694        0.903744        1.080186        0.517122        0.983862 

      22      133.712642     4108.123321       64.094643        0.999757       -0.603836       -0.906672        0.005688        7.660454        1.442388        1.138714        0.506531        0.974243 

      22      135.713948     4208.668354       64.874250        0.999762       -0.536633       -1.005017        0.005646        7.692489        1.282873        1.128508        0.505448        0.977092 

      22      136.521778     4159.878056       64.497117        0.999760       -0.634880       -0.820978        0.005559        7.704906        1.174571        1.108799        0.512925        0.979026 

      22      142.916988     2187.583286       46.771608        0.999543       -0.861201        0.180885        0.007384        7.391517        0.920682        1.013849        0.561319        0.983559 

      22      130.923918     3527.948358       59.396535        0.999717       -0.448444       -1.022841        0.005783        7.632924        0.835340        1.093242        0.504401        0.985083 

      23      146.710905     3759.129371       61.311739        0.999734       -0.746702       -0.764079        0.006574        7.527857        1.324218        1.070141        0.545360        0.976353 

      23      152.732016     4556.127814       67.499095        0.999781       -0.645146       -0.867593        0.005446        7.728309        1.538751        1.114393        0.526763        0.972522 

      23      150.642667     4054.930955       63.678340        0.999753       -0.679880       -0.808957        0.005823        7.659859        1.412714        1.077970        0.544423        0.974773 

      23      143.074965     3279.303099       57.265200        0.999695       -0.541346       -0.691782        0.005456        7.663638        1.436924        1.106871        0.526993        0.974341 

      23      132.386284     6308.591464       79.426642        0.999842       -0.097449       -1.519977        0.004820        7.814829        1.254943        1.171483        0.475313        0.977590 

      23      142.496188     3707.508502       60.889314        0.999730       -0.702653       -0.660989        0.005708        7.657505        1.990365        1.161073        0.515784        0.964458 

      23      153.524532     4862.551627       69.731999        0.999794       -0.598245       -1.006803        0.005397        7.728749        1.634677        1.129588        0.521214        0.970809 

      23      148.233392     4406.558787       66.381916        0.999773       -0.618392       -0.841847        0.005418        7.721530        1.384140        1.114933        0.519296        0.975283 

      23      144.720768     4787.145542       69.189201        0.999791       -0.506936       -1.100149        0.005316        7.744104        1.585831        1.161850        0.498055        0.971682 

      23      156.762940     4387.916794       66.241353        0.999772       -0.677445       -0.856795        0.005812        7.641173        0.746923        0.987672        0.568520        0.986662 

      23      146.545209     3356.816162       57.938037        0.999702       -0.859830       -0.400315        0.006597        7.520254        1.634966        1.071197        0.558245        0.970804 

      23      146.612109     4965.114034       70.463565        0.999799       -0.428425       -1.192506        0.005314        7.741746        1.494355        1.165862        0.491122        0.973315 

      23      156.855705     4795.201769       69.247395        0.999792       -0.662079       -0.887325        0.005524        7.719545        1.718486        1.118475        0.531898        0.969313 

      23      152.800512     5197.172565       72.091418        0.999808       -0.569603       -1.090496        0.005700        7.691380        1.063527        1.080432        0.525755        0.981008 

      24      127.704966     3500.306353       59.163387        0.999714       -0.312576       -1.123315        0.005448        7.657701        0.737946        1.109300        0.487502        0.986822 

      25      177.605143     2765.446729       52.587515        0.999639       -0.818248       -0.434110        0.007101        7.404924        2.280392        0.992647        0.627084        0.959279 

      26      187.596667     3712.992694       60.934331        0.999731       -1.142144        0.163997        0.008671        7.235627        0.535908        0.728790        0.713361        0.990430 

      26      122.462691     2809.586246       53.005530        0.999644       -0.721167       -0.442014        0.006797        7.404912        1.141596        1.144924        0.487130        0.979614 

      26      173.097896     3429.782387       58.564344        0.999709       -1.100141        0.167099        0.007348        7.393721        1.042739        0.854856        0.664171        0.981380 

      27      135.294847     4511.060713       67.164430        0.999778       -0.449963       -0.889262        0.004881        7.803750        1.699304        1.182527        0.489624        0.969655 

      27      141.016343     4277.731059       65.404366        0.999766       -0.665432       -0.710077        0.006239        7.573306        1.014658        1.078948        0.524113        0.981881 

      27      146.723028     4389.628233       66.254270        0.999772       -0.776427       -0.638998        0.005914        7.631348        1.409241        1.060630        0.555268        0.974835 

      27      137.888043     4840.135862       69.571085        0.999793       -0.577582       -0.947890        0.005469        7.688329        1.407380        1.098942        0.530741        0.974868 

      27      145.888506     5243.538422       72.412281        0.999809       -0.493371       -1.205753        0.005826        7.656623        0.904669        1.070959        0.523282        0.983845 

      27      132.758656     4854.307867       69.672863        0.999794       -0.375300       -1.181636        0.005246        7.742540        1.518482        1.159500        0.496468        0.972884 

      27      156.038730     4133.946769       64.295776        0.999758       -0.992298       -0.252423        0.007665        7.401713        1.077862        0.939022        0.615750        0.980752 

      27      134.715398     4351.129600       65.963093        0.999770       -0.515679       -0.952847        0.005674        7.684744        0.695598        1.061599        0.517014        0.987579 

      27      149.421281     4004.215898       63.278874        0.999750       -0.853509       -0.235206        0.005738        7.654305        1.833507        1.066650        0.568827        0.967259 

      27      142.479152     4358.216219       66.016787        0.999771       -0.661867       -0.789703        0.005854        7.656469        1.414622        1.090091        0.536764        0.974739 

      27      129.592727     5585.908655       74.738937        0.999821       -0.490698       -1.242244        0.006201        7.593051        1.257546        1.124798        0.506619        0.977544 

      27      147.405908     5590.848732       74.771978        0.999821       -0.557394       -1.202531        0.005870        7.641103        0.934197        1.059800        0.532277        0.983318 

      28      134.637374     5572.899851       74.651858        0.999821       -0.374759       -1.207523        0.005201        7.767714        1.100601        1.144709        0.485030        0.980346 

      28      145.011427     3847.539444       62.028537        0.999740       -0.679405       -0.700356        0.005797        7.668541        1.706214        1.133447        0.521816        0.969532 

      28      136.287430     3227.350652       56.809776        0.999690       -0.660482       -0.503614        0.006220        7.610064        1.834420        1.164185        0.507447        0.967242 

      28      135.430116     3833.680750       61.916724        0.999739       -0.566117       -0.944391        0.005840        7.655757        1.464400        1.141687        0.505625        0.973850 

      28      131.804683     4422.554159       66.502287        0.999774       -0.346174       -1.148945        0.005005        7.790553        1.084690        1.141047        0.486617        0.980631 

      28      127.104455     2775.188724       52.680060        0.999640       -0.372566       -0.599155        0.005943        7.585868        1.191425        1.160186        0.479546        0.978725 

      28      143.299098     4125.633974       64.231098        0.999758       -0.632169       -0.926581        0.005915        7.638817        1.870176        1.143315        0.522307        0.966604 

      28      124.316603     2368.380247       48.666007        0.999578       -0.717368       -0.117325        0.006923        7.440406        1.864834        1.215515        0.475209        0.966699 

      28      148.970970     5034.450751       70.953864        0.999801       -0.440505       -1.312030        0.005814        7.653384        0.997841        1.098005        0.510597        0.982181 

      28      133.350577     2854.469332       53.427234        0.999650       -0.830127       -0.219620        0.006808        7.464153        2.307677        1.197641        0.504571        0.958791 

      28      149.315589     5752.128683       75.842789        0.999826       -0.556355       -1.230552        0.006217        7.610568        1.245062        1.097643        0.523806        0.977767 

      28      146.631249     3335.303060       57.752083        0.999700       -0.407012       -0.893226        0.005938        7.609691        1.083912        1.104449        0.511022        0.980644 

      28      130.087401     2560.174586       50.598168        0.999610       -0.891870       -0.065216        0.007561        7.382487        1.775660        1.149550        0.514411        0.968292 

